min_cert=235.92527516266202
0.4971207781883141099127737396853977198072936095577051859332342339984955290455434852391699649783881434903191960498929
-0.01148597215757271876762493824881608513229650691879453174957231108259181592944627690483511383560708901615627877398606
0.0001234520180703180068903457914948511381359934965149636222929443928902075710070274059743204147510350100461615839864564
-0.000000832355481385527072004758725844620703626262466878390908090925434234201275460707447244719420434590747210705772655821
0.000000003992226551344137174725270263031874009292159840389485499810001048879868526138031132247881151077199149160433296781122
-0.00000000001461602576011096086241214277653455569051961774478338255576828643536184994578107389041726144874282723289277916504184
0.00000000000004274540045536844957675210058555246777436400832614189811811432218576383708837083635253205484159072397731162852020197
-0.0000000000000001030962613461800655569712074080165685387106980414017659582093938583351345262081421637376076063212946396134676528142
0.0000000000000000002099769808149528750910377684371822249462843352110573164065056496021153012798174695580778328948691460205046165877905
-0.0000000000000000000003678141095500770177672859444023590651059999986846439585634400605345278906464402838919266008919188604614314913014518
0.000000000000000000000000562285758732274429038029723185725837516739282588928908705802548862397022736477080814083026043037096131306922971379
-0.0000000000000000000000000007591760130407282691957677231234202446737092631085165174605224139684839070733461831915634939605449689439599558638293
0.0000000000000000000000000000009143342879020424568168879288216860580041093069354086566869468132446371504542087795368504129281289082431851333464105
-0.0000000000000000000000000000000009906106633242745686869166090768423371272702090946843324625856279628600924573371919725187300173955101062081898542255
0.000000000000000000000000000000000000972469343305444084599248540945786185419845405548037406800712946948115257483266438244145229325496617268166724370368
-8.704599666717711232627911292940822517823662219846333387337426642911642235221720629001009783630786909778154068285683e-40
7.143486611174271635933274689503696544914239871471640820244305998509524427808837627262335837584294900293944039182064e-43
-5.400970468614640162463535681258565756116701507659161328706157572851746992345928361111260553202408888143578221636855e-46
3.778454654223714512573736764513978974957957043626396232833367571659848380135625616104163671509717817003970482697697e-49
-2.455407973097311854005859941599860939119077486172729690015218642132944146384988345211204709183345474951753761144307e-52
1.48737634558412283549078258060236790585587518717830994832242204369364675810387264204302177883494026074452500301975e-55
-8.425285117990102465117906243494965439921278738074413642520693741215531277068454305498299034920851892410870505569276e-59
4.475802362959008123898470468734532303453986445317795849290050575579705190194227570670101066164635541402385849072266e-62
-2.235779300633916142646417596315090927536933607059226301132906206385066290095085340411303022827305797752825554142157e-65
1.052723349819719011960662642578145773874427942777236779730075908008523482516235903250888831830646010847727291589665e-68
-4.682738886317359934029750122962610730236541772733480195042695682806250457067279070502227902251065829693208627764971e-72
1.971904955101206816384272097904003418090436791441183530700440352189436554823257131008885646043837246638891747527584e-75
-7.876028978950696677333144090365678357629953385018142319028165279970501716347604339687502565659654923473802812404429e-79
2.989101753666375148160146867488715776042565562224155774410577638224473542835082443635233013942252437802656913341759e-82
-1.079718924911855691194845466681023728373580997418688432941961313922618768366048211470976226308316677471872786013484e-85
3.717875411580663844145889788726937214591180152572983459813182324077335422688490598675548418796446284620541386600112e-89
-1.222159710114325837698915735009057369717309182264091388337695041080335912830460574188199361550198531754104667431254e-92
3.840664497157605610988597792687199000839824714503015125459832726706867311047081980320263584694253418948944111451506e-96
-1.155290343154903184655035758984118646212612432291452812877221742528444142677471796903075936066471878578310133673929e-99
3.330513848670258545705485821032802691582060795941183706734652696135561285597414094970619610777165054673674827845911e-103
-9.212260840505089320301085013120343881418013187010261801367466750712523233630899211762058824245322895709986489428827e-107
2.447533505374692751685030843540902736819491659638791596524960609748165054334717631841347129695155359183451472015505e-110
-6.252392212370343100314353084057397637465812278498075804066474399974822683733216412660774895044526079016525675231451e-114
1.537247255060090427997813776713135909381741350799029453368623921526199918194948776504385674444638458608395554596771e-117
-3.641034550102075286872151469551583853419082153556870137351920714967185373731601811636432249112067860046523160398068e-121
8.315214025984169327366291250409752312632217004663422703471188460835887337091705894265639724397088657609357646494343e-125
-1.832548223775074278939876458868004537681024635366908232311068931292860511679974782892992092451539830409658783817568e-128
3.900493874693238615623872161602798237506712643587433202865291873296860740810687033668598189956594872001475616140027e-132
-8.024150921791158877476602471358915298426325079478417271694285041454676454520970046772796357452605392924963801302236e-136
1.59665930459005783812744089676354714033423733072174810806797564899000308422825510884218029502305941074525653244576e-139
-3.075131796994551520024607971328760396604987878374444309544091948137501413475157383029928768791312341932343460304281e-143
5.736477362527165445602668350873701232589276231150883644457970285161474260016193315541442016577237908405979691747914e-147
-1.037138145206279862521505790211803213025436073122537876631054059333451990928447556927201484151506244976899184541799e-150
1.818469762386325810411015430678659650417624087973794305627624797953842953926127382645672559530805968206912940067188e-154
-3.093936898672544692464075378940299587376186490165519560039383704627978655119347401672988528127446442049092948567788e-158
5.110935922933653768125779159649557114921082374892507983155968074540356897446472711137255683097335953046551974855574e-162
-8.201840610900372250879820963482600893301396292616897461730945287476502334023469232673728717857256190870567735050546e-166
1.27930325939783924413957421780792729400368998010362215286485400543943103679362702424183615119867222422218372688867e-169
-1.940474587024386970078392917538385811906903257259005539481507993510805627255114536592206911759754432952768355614897e-173
2.8637012931489129498658027306775535542102968201405714183682220133945938939773268469673444014524353121676634760567e-177
-4.11375366748915282142035521643682393268088476973667577357429789415622085355560735762720774341703129481338870813687e-181
5.754903421271392636313470121268344140494311917691242866428373911992855539706947939753676783824168631973631215959259e-185
-7.843657236022902255410978955212279933430749751252467402087754641683585296831307475743017924818023780962462538855265e-189
1.04199392496574997795180615927368281382390383958693576933160967334041569372877846180646740293222038830484613256689e-192
-1.349761031022825860279240698488528981229752996413410646372657620196267640030584474367581657163033235676213345122901e-196
1.70556003253038250947897838869374543185553605132773209736190088862966145849394950891000548776362311526267926328826e-200
-2.103116599885741860603999570867471844424642323359185083296949153771606158373568055242947848631932916505393013099191e-204
2.531677847159010181709722826830154731655325865708130664758413136784534222622951291379813252029454141188883204322146e-208
-2.976184175113058843612118719541358389814465841475155381376995035973878486254062101871821981499323219800689686655239e-212
3.417985202065844792705198172987096184548694137408292019900440358238317602350242622908862041898437462620989612369552e-216
-3.836080780189342826314817414377022167918531717818285021372039376903287819877965915517342143280371189642623041382897e-220
4.208780894750079919637270825407699889704126093279464578345113137312842904225858678604572671606026041919834456906299e-224
-4.515600846241306101197476470179833328751282506179670128210878636563741465515398719782007868239277755742597501438899e-228
4.73915690428715031635094382911133193230257702436110494959272687896364377707814712892996875524240372096292339070934e-232
-4.866814377532783564419973053450199019316405212214739369582466837737208678460743636634607126010721299771857979694352e-236
4.891868917715304995404766152071216580835901926158141512831634579040902972678463638856453981344863365993738133786896e-240
-4.814108212135706135673131084332354550159217465771079522922545765619242500989320053229640137525355154018149066708155e-244
4.639692559992774225318692688229620833633584811411395671426037593455086966478203606773622101471908260817215679304902e-248
-4.380391833042665399616044469360584598184384753986058553859378772839553749070002959786523903192105603260730856347599e-252
4.052304771020431768505060561286979758892239954117334482921014529387000125596287282141290937424506226128522139067548e-256
-3.674249375947990105748509697103652932949667396512954325793793521278337090538242687973741117351021473866651970497529e-260
3.266041406389875125830237892998910152808264233189379480730347297271839401891705683678544538376275291860075229157856e-264
-2.846870159749348308889153007266580634835158962693507432474959994528780183206575983947328594156661432876998322822428e-268
2.433942356297551035265622202440005525404694315898565266939964924018782905010120299713841705691753233610560201783065e-272
-2.041506455468117710859902376707402874561957415802081567329450719107940138493114190230345860171622835884550825671304e-276
1.680303749296909116146910830958672392920282437154217662066774153948553903458900185820570009516184594751024374931649e-280
-1.357431009204600204290844458336211858375988104033468053584500172419611367824557388299640183455882243626925521154964e-284
1.076551334884939880309559950555732338783365604689496888733679092505044612474432913907536913297565690109117587991032e-288
-8.383601080622019320922925809195015974688563887506869285491276608228286516408217560192961994721416547856593517356571e-293
6.412023411768179906029306251307181928951837515967079178621744121148943331026030457618332246862755257365036354767091e-297
-4.817435683442737329792829221017359422601593023217886768511797911739485330443408574439298823072130992028837381605115e-301
3.556139580068112832791600952325848834867766685692636017837029236895375728924061253393258622816891828220505746765098e-305
-2.579690013141735667686263749210549696862682973852001934511603612869686632316881495995051964135962958498126956981719e-309
1.839348603424248412288808474637760172697238026613648479729664525227302587920374603130847358550033309303650563197849e-313
-1.289283825328089499469441365964709348712635445041241326602705668808265344603886156106997600270831327677065983326399e-317
8.885858950629483141829588068237420552417497344756249694943739350758422646250401863869412394275744395489415462206043e-322
-6.022730710802891927899040647759451573832998383508208967703915721704797129707223238936844069574721207850376558186226e-326
4.015186836669592754949278614139210399082208591220202557348916936434157269732959099151646649321188966616728077912813e-330
-2.63335809096249091122127737939712692027569153469007633916656377878448961124743448370886983971342931424190497894866e-334
1.699330961654830802837533771365962965331976616144151356090005582489542014403994947980474861282108634957743387959146e-338
-1.079146681413306022626222144604398140374019625594620246890889146214620497759116920496250809000645818912473626958157e-342
6.745071956635744409240223862726337498999941110353799473120458222946169306071845624338823802685496904473110031435684e-347
-4.150152421036219911635276896342355398567899106452765832633242561816018813577525890833937664935005178277581205045964e-351
2.51408102313871243001679559742742630791250238766544460878110133777960140138272313999550941792330432911160096687252e-355
-1.499675723981135092355892856920515496411295963089486974094654418397245577720007356553806523589594910076136963302626e-359
8.810126858906198963310137283265054959121977718966294340068195203769769206980709842094581381384871037937058167116529e-364
-5.097958351299930945289811505573795752687737657449839760784083250108892205183544137433596221083486633670003109552694e-368
2.906037022439393973834017531316652843266373118000301689148747930150709950553795059807977305559529530725003820577056e-372
-1.632138464247269201294596291534912752632319733935593850216398121114274559787357526898788297612556023290443725338408e-376
9.032812307442939846207295577144582202097239900532799366960550904777522602496037263926569768107576927270768617874485e-381
-4.92671158317183982590973404364227244336590369300507616563765280817493604767733669134325461004643261976097023686243e-385
2.648600338287656754034245077005199749907409830410838908382479223715048413820838331598870342108305496874252549692644e-389
-1.403643430287674479456907541311152186017536276161307888303784631912485533718956008987843186658294807677427438608557e-393
7.333869367649658958196523794668197750431037125356586745472301876254335250312776878396331562601405679200943363177715e-398
-3.778326618435891807867982347336521580884144205968175740881947929895013389384790424127182411645454536839084139998892e-402
1.919591318514827077381927819676654664268157762746213162019269287835456266235588988086164269821064607580009662920676e-406
-9.61862681113684637417427810579172724764763040708175311882915027191010627719976417596000683818732186937963541274835e-411
4.754047919039773127836548017254113551589303532902760654632279963045861646578677843241229135432244540533030022390357e-415
-2.317984349678404210608662251512046400549548817923427159609964188351027966677493143862463531439564250385155788546347e-419
1.115073085048618471959934109843004412687269524904304302209934104939627401634569348558007440680818527220016514857867e-423
-5.292862904820200647393059899892551938681265584380462287531168171562610512589465075936639493866908931171628343822153e-428
2.479249355729252626277439860627280241079378199372204952944963236836682056975612835260600177680194180073824498011196e-432
-1.14614352380698693481453906801565394307284165990911839497732953528188722356090129210579303850804411889706131729292e-436
5.229898226022000985833761677935007491774448541523159770354528804389884607412869775959088511448776723156952875158696e-441
-2.355745429668699320427016021687944882210077204666628867756158905715097666477652532308529258255655664249741773210232e-445
1.047584530934745663809579685349659118248066230273311290554887267254035074333208292862300933675220626172245337555583e-449
